0 1.124 93 0.11655337 1.425 98 0.143946738 1.249 845 0.042966906 1.294 217 0.087842444 1.305 464 0.060583104 
1 1.331 72 0.156859854 1.228 76 0.140861261 1.251 744 0.045863885 1.281 200 0.090580379 1.235 453 0.058025362 
2 0.736 103 0.072520235 0.805 110 0.076753738 1.811 701 0.068400526 0.799 203 0.056078806 0.811 387 0.041225447 
3 0.843 115 0.078610155 0.783 104 0.076779467 1.832 796 0.064933518 0.824 245 0.052643429 0.852 460 0.039724705 
4 1.349 55 0.181899123 1.301 66 0.16014203 1.308 513 0.057749611 1.339 105 0.13067302 1.1221 242 0.07213132 
5 1.229 74 0.142868348 1.247 74 0.144960806 1.272 742 0.046696589 1.278 201 0.09014317 1.265 434 0.060721943 
6 1.723 85 0.186885589 1.562 79 0.17573873 1.717 574 0.071666195 1.589 151 0.129310986 1.574 283 0.093564588 
7 1.509 88 0.16085994 1.416 70 0.169244371 1.435 609 0.058149134 1.338 151 0.108884896 1.401 421 0.068280562 
8 0.806 83 0.088469994 0.813 93 0.084304173 0.808 766 0.029194227 0.809 182 0.05996707 0.825 459 0.038507702 
9 0.854 72 0.100644865 0.814 71 0.096604027 0.826 730 0.030571632 0.822 199 0.058270035 0.856 442 0.040715768 
10 1.123 94 0.115828606 1.2 109 0.114939154 1.177 661 0.045779994 1.174 192 0.084726152 1.196 379 0.061434393 
11 0 0 0 0 0 0 0 0 0 0 0 0 0 0 0 
12 1.369 73 0.160229331 1.434 88 0.152864914 1.406 739 0.051720546 1.384 183 0.102308224 1.406 443 0.066801076 
13 1.376 87 0.147522685 1.485 107 0.143560369 1.402 627 0.055990487 1.424 186 0.104412746 1.412 363 0.07411078 
14 1.338 69 0.161076271 1.272 72 0.149906638 1.329 704 0.050088572 1.341 193 0.096527292 1.327 419 0.064828192 
15 1.31 96 0.133701315 1.414 96 0.144315771 1.384 724 0.051435955 1.339 243 0.08589689 1.351 418 0.06607957 
16 1.953 29 0.362662995 0.886 84 0.096670525 0.844 711 0.031652473 0.858 182 0.063599191 0.854 432 0.041088094 
17 0 0 0 1.066 69 0.128331319 0.835 660 0.032502331 0.816 181 0.060652802 0.786 424 0.038171534 
18 7.146 29 1.326978887 1.008 98 0.101823376 0.874 602 0.035621581 0.86 190 0.062390958 0.856 352 0.045624953 
19 1.171 32 0.20700551 1.145 87 0.122756885 1.212 650 0.047538551 1.199 209 0.082936564 1.271 382 0.065030017 
20 0 0 0 0 0 0 1.103 329 0.060810358 1.173 111 0.111336233 1.294 278 0.077608963 
21 0 0 0 0 0 0 2.257 469 0.104218577 0.919 174 0.06966921 0.877 391 0.044351796 
22 0 0 0 0 0 0 1.136 370 0.059057828 1.258 177 0.09455707 1.398 341 0.075705944 
23 0 0 0 0 0 0 1.835 420 0.089538832 1.009 220 0.068026766 0.933 393 0.047063624 
24 0 0 0 0 0 0 0 0 0 0 0 0 1.158 365 0.06061249 
25 0 0 0 0 0 0 0 0 0 0 0 0 1.061 253 0.066704498 
26 0 0 0 0 0 0 0 0 0 0 0 0 1.165 291 0.068293509 
27 0 0 0 0 0 0 0 0 0 0 0 0 1.068 330 0.058791465 
