0 -0.0236083 0.00108624 0.00319397
1 -0.0211635 -0.0422961 	-0.000171229
2 0.0259739 -0.0336342 0.00150007
3 0.017227 0.00703694 0.00212728
4 -0.0445512 0.0245871 -0.00597139
5 -0.0459875 -0.0177668 -0.00701612
6 0.0174651 -0.0061895 -0.00376697
7 0.0120714 0.032746 -0.00328162
8 -0.0246769 0.00419376 -0.00560829
9 -0.0305121 -0.0362403 -0.00608869
10 0.0494216 -0.00478564 0.00016169
11 0.0478865 0.0343368 	-0.000744072
12 -0.0258685 0.0333788 	-0.000345381
13 -0.0293015 -0.00563779 -0.00148769
14 0.0250586 -0.00944586 -0.00065929
15 0.0250522 0.0276234 	-0.000152353
16 -0.0400192 0.0250875 	 0.000819757
17 -0.0421045 -0.0123663 	 0.000765606
18 0.0301125 -0.00394667 -0.00263634
19 0.0292468 0.0350778 -0.00539067
20 -0.0466068 -0.00306845 -0.00761928
21 -0.0498221 -0.0398174 -0.00491565
22 0.0341446 -0.0284436 -0.00388066
23 0.0310454 0.0091287 -0.00616294
24 0 0 	 0
25 0 0 	 0
26 0 0 	 0
27 0 0 	 0
28 -0.0362053 0.0129175 	-0.000374537
29 -0.0343097 -0.0265227 0.000329885
30 0.0200165 -0.0388988 -0.0075938
31 0.0224371 0.00196293 -0.00873408
32 -0.0214281 0.0252604 0.000112666
33 0 0 	 0
34 0.014265 -0.0055443 -0.00570464
35 0.01492 0.0316866 -0.00743628
36 -0.00829127 0.0289199 0.00655672
37 -0.0106626 -0.0112716 0.00585341
38 0.0204243 -0.0301717 -0.00647844
39 0.0209186 0.0102408 -0.00807007
40 -0.0153133 0.0209384 0.00549593
41 -0.0190327 -0.0209105 0.00480262
42 0.0407842 -0.0132606 0.00390994
43 0.0408415 0.0272541 0.00302001
44 -0.00887887 0.0257689 	 0.000908624
45 -0.0134658 -0.0164826 	-0.000589293
46 0.0342244 -0.0333145 -0.00686008
47 0.0299978 0.00739711 -0.00540756
48 -0.016442 0.0444413 0.00493773
49 -0.0117003 0.00234431 0.00603457
50 0.0352211 -0.0206725 	 0.000216551
51 0 0 0
52 -0.0254834 0.0331457 -0.00063801
53 -0.0287574 -0.00571376 	-0.000820309
54 0.0254239 -0.0248365 0.00360011
55 0.0238009 0.0143465 0.00286313
56 -0.00727488 0.0252025 0.00277335
57 -0.0123052 -0.0134173 0.00317587
58 0.0230973 -0.00606421 -0.00216525
59 0.0223458 0.033061 -0.00248559
60 -0.0426217 0.0180671 -0.00145628
61 -0.0438461 -0.0186024 	 0.000278396
62 0.0164019 -0.0257806 -0.00677828
63 0.0172021 0.0131416 -0.00801057
64 0 0 0
65 -0.0343954 -0.0147219 	 0.000805522
66 0.0274323 -0.0244909 -0.00669747
67 0.0263803 0.0123235 -0.00604451
68 -0.0302711 0.00738587 	-0.00486131
69 -0.0375343 -0.0305592 -0.00409758
70 0.0435325 -0.0173575 0.0022368
71 0.0429728 0.018991 -0.00107732
72 -0.0248732 0.0140978 -0.00237192
73 -0.0327663 -0.0224145 	-0.000905664
74 0.0429995 -0.01286 -0.00132067
75 0.0430688 0.0247462 -0.00479245
76 0 0 0
77 -0.0316686 -0.0247843 	-2.97153e-05
78 0.032402 -0.0142777 -0.00642602
79 0.0324806 0.0238612 -0.00877062
80 -0.031605 0.0251393 -0.00538867
81 -0.0329374 -0.0115248 -0.00449863
82 0.0328561 -0.0091092 0.00287733
83 0.0286828 0.0284427 0.00158298
84 -0.0216764 0.0193949 0.0019365
85 0 0 0
86 0.0171529 -0.00854862 	-0.00770696
87 0.0166608 0.0299648 -0.0075499
88 -0.0278347 0.0205822 	 0.000616758
89 -0.0311453 -0.0239982 -0.00130115
90 0.021218 -0.020708 -0.00611289
91 0.0153135 0.0191401 -0.00775981
92 -0.0221771 0.0283841 0.00673005
93 -0.0247964 -0.0138259 0.00451559
94 0.027278 -0.028958 -0.00584172
95 0.0236919 0.0105143 -0.0054005
