0 -0.0236083 0.00108624 0.0032
1 -0.0211635 -0.0422961 -0.00017
2 0.0259739 -0.0336342 0.0015
3 0.017227 0.00703694 0.0021
4 -0.0214349 0.0324991 -0.0059
5 -0.0064216 -0.0110211 -0.007
6 0.0445999 -0.0438055 -0.0037
7 0.0203529 -0.00291353 -0.0032
8 -0.0251092 0.0459592 -0.0056
9 -0.0060264 0.00278507 -0.006
10 0.0360554 -0.022974 0.00016
11 -0.169225 0.0395052 -0.0007
12 -0.0289737 0.0221555 -0.0003
13 0.0276635 -0.0290321 -0.0014
14 0.0126161 -0.018392 -0.0006
15 0.0152413 0.0255457 -0.00015
16 -0.0635276 0.0225474 0.0008
17 -0.00203048 -0.00156753 0.0007
18 0.0374614 -0.0217748 -0.002
19 0.00571278 0.0432195 -0.005
20 -0.0424304 0.0133481 -0.007
21 0.0571636 0.0177296 -0.049
22 0.0539449 -0.023848 -0.0038
23 0.0436837 0.0369016 -0.006
24 -0.0619995 0.0130266 0
25 0.0222706 0.00826501 0
26 0.0308755 -0.0347969 0
27 0.0384671 0.0213048 0
