0.0151699    45834.7    -22847.1
0.0303398    5337.85    -2653.02
0.0455097    1513.61    -750.191
0.0606796    617.751    -305.333
0.0758495    307.767    -151.702
0.0910194    173.93    -85.4948
0.106189    107.218    -52.5539
0.121359    70.4278    -34.4211
0.136529    48.558    -23.6615
0.151699    34.7814    -16.896
0.166869    25.6928    -12.441
0.182039    19.4673    -9.3951
0.197209    15.0676    -7.24674
0.212379    11.8753    -5.69104
0.227549    9.50629    -4.53896
0.242718    7.71368    -3.66907
0.257888    6.33403    -3.00106
0.273058    5.25618    -2.48039
0.288228    4.40286    -2.06917
0.303398    3.71924    -1.74055
0.318568    3.16569    -1.47514
0.333738    2.71314    -1.25873
0.348908    2.33987    -1.08072
0.364078    2.02953    -0.933121
0.379248    1.7696    -0.809848
0.394417    1.5504    -0.706187
0.409587    1.36438    -0.618472
0.424757    1.20559    -0.543814
0.439927    1.06929    -0.479919
0.455097    0.951712    -0.424955
0.470267    0.849783    -0.377444
0.485437    0.761023    -0.336188
0.500607    0.683397    -0.300209
0.515777    0.615236    -0.268703
0.530947    0.555155    -0.241007
0.546117    0.502007    -0.216572
0.561286    0.45483    -0.194938
0.576456    0.41282    -0.175724
0.591626    0.375297    -0.158605
0.606796    0.341688    -0.143311
0.621966    0.311504    -0.129612
0.637136    0.284331    -0.117311
0.652306    0.259811    -0.106242
0.667476    0.237642    -0.0962623
0.682646    0.21756    -0.0872499
0.697816    0.199338    -0.0790991
0.712985    0.182779    -0.071719
0.728155    0.167712    -0.06503
0.743325    0.153988    -0.0589634
0.758495    0.141474    -0.0534583
0.773665    0.130055    -0.0484613
0.788835    0.119629    -0.0439254
0.804005    0.110103    -0.039808
0.819175    0.101396    -0.0360717
0.834345    0.0934344    -0.0326821
0.849515    0.0861528    -0.0296086
0.864684    0.079491    -0.0268231
0.879854    0.0733946    -0.0243
0.895024    0.0678143    -0.022016
0.910194    0.062705    -0.0199495
0.925364    0.0580253    -0.0180811
0.940534    0.0537378    -0.0163924
0.955704    0.0498078    -0.014867
0.970874    0.0462038    -0.0134897
0.986044    0.042897    -0.0122463
