0.0151699    0.999998    -0.498467
0.0303398    0.999981    -0.497012
0.0455097    0.999933    -0.495595
0.0606796    0.999837    -0.494185
0.0758495    0.999673    -0.492749
0.0910194    0.999421    -0.491262
0.106189    0.999061    -0.489701
0.121359    0.998571    -0.488044
0.136529    0.997929    -0.486273
0.151699    0.997111    -0.484373
0.166869    0.996093    -0.482327
0.182039    0.99485    -0.480124
0.197209    0.993356    -0.477752
0.212379    0.991585    -0.475201
0.227549    0.98951    -0.472461
0.242718    0.987103    -0.469522
0.257888    0.984338    -0.466379
0.273058    0.981187    -0.463022
0.288228    0.977622    -0.459444
0.303398    0.973618    -0.45564
0.318568    0.969147    -0.451601
0.333738    0.964185    -0.447323
0.348908    0.958707    -0.442798
0.364078    0.952692    -0.438021
0.379248    0.946117    -0.432986
0.394417    0.938964    -0.427687
0.409587    0.931215    -0.42212
0.424757    0.922854    -0.416279
0.439927    0.913868    -0.410161
0.455097    0.904245    -0.40376
0.470267    0.893978    -0.397073
0.485437    0.883058    -0.390098
0.500607    0.871482    -0.382832
0.515777    0.859248    -0.375274
0.530947    0.846355    -0.367424
0.546117    0.832808    -0.359283
0.561286    0.818612    -0.350854
0.576456    0.803776    -0.34214
0.591626    0.78831    -0.33315
0.606796    0.77223    -0.32389
0.621966    0.755555    -0.314374
0.637136    0.738307    -0.304615
0.652306    0.720513    -0.294632
0.667476    0.702204    -0.284444
0.682646    0.683418    -0.274077
0.697816    0.664196    -0.26356
0.712985    0.644587    -0.252923
0.728155    0.624642    -0.242203
0.743325    0.604422    -0.231438
0.758495    0.583988    -0.220669
0.773665    0.563409    -0.209938
0.788835    0.542756    -0.19929
0.804005    0.522101    -0.188768
0.819175    0.50152    -0.178417
0.834345    0.481086    -0.168278
0.849515    0.460873    -0.158391
0.864684    0.44095    -0.148792
0.879854    0.421383    -0.139514
0.895024    0.402231    -0.130585
0.910194    0.383549    -0.122026
0.925364    0.365384    -0.113856
0.940534    0.347775    -0.106087
0.955704    0.330754    -0.0987259
0.970874    0.314344    -0.0917758
0.986044    0.298563    -0.0852345
